28.5420339323026
19.9988296425531
25.7869512888195
27.8767528956548
16.0395636966114
28.7584833659165
27.7826252543308
21.4521892708124
23.3862355139704
24.3106422408423
20.2270803958903
24.3861113145304
21.5802710523817
29.4507129223196
21.6476230342373
21.1235518350892
25.8695860841697
29.8452340247162
28.2857945371217
19.1652380036748
27.154996447227
22.0029988736327
27.6301254390252
25.6446195876569
21.8070877081436
22.9960328856531
19.5709404413024
26.2249328941777
23.1260168367017
25.5173084681175
22.1097618790024
19.5852018061984
25.1476263002969
21.4419900781607
27.7963052383903
24.2509531250708
24.6580190933538
23.2488298714716
24.8510401039973
28.6616012430729
25.680836950746
18.5502747322269
21.9767042123009
24.3259517261394
24.1050737072146
27.6426867062609
20.6750115287322
23.9333138884176
25.0665670917162
27.545479737461
20.6351874013875
22.2392988543182
22.2279560164016
21.1778069739965
32.3114674797966
19.6585001978131
29.1314339115328
23.0790190891173
29.0064914532142
30.2924005697325
19.9437507934848
20.6906594754019
23.3211422089834
25.6062980853504
26.1668434387851
23.6992854241699
19.5240376595923
19.1811265556577
20.9058608868807
26.72297547943
26.0513258780622
26.6166576779505
25.1362840019158
30.0340927780038
28.7442343471426
18.6856978235531
27.0822086175694
19.8859405729788
19.7294647858385
25.5683212971991
26.1112797335853
24.9343932751422
29.5670808662686
29.4404117037497
25.4227544967149
21.7277808244285
25.4354475466208
21.6911093607763
24.3424899262119
27.5128838860814
26.4984669342289
27.7432569499852
29.840090356746
16.2364913232178
26.9619545629364
31.8380524413739
25.3290505440258
20.9066794467942
18.8932831482544
22.2007026244987
23.4843839258231
27.6231944809179
29.7007593816391
21.8302489910562
25.6793918231564
31.5120255779778
30.6478498076671
24.7293382241535
18.168530826937
22.3200006115186
24.2550685584044
